# Game Level Exporter v1.1
LIGHT
Light
<Matrix 4x4 ( 4.0762,  5.9039, -2.8392,    1.0000)
            (-1.0000, -1.0000, -1.0000,    0.0000)
            ( 0.0000,  0.0000, 40.0000,    1.0000)
            ( 1.0000,  1.0000,  1.0000,    1.0000)>
CAMERA
Camera
<Matrix 4x4 ( 0.6859,  0.0000,  0.7277, 0.0000)
            (-0.3240,  0.8954,  0.3054, 0.0000)
            (-0.6516, -0.4453,  0.6142, 0.0000)
            ( 7.3589,  4.9583, -6.9258, 1.0000)>
MESH
earth
<Matrix 4x4 (3.0000, 0.0000,  0.0000, 0.0000)
            (0.0000, 3.0000, -0.0000, 0.0000)
            (0.0000, 0.0000,  3.0000, 0.0000)
            (0.0000, 0.0000,  0.0000, 1.0000)>
