# Game Level Exporter v1.1
LIGHT
Light
<Matrix 4x4 ( 5.0000,  5.0000, -5.0000,  1.0000)
            (-1.0000, -1.0000, -1.0000,  0.0000)
            ( 0.0000,  0.0000, 10.0000, 10.0000)
            ( 0.9961,  0.9335,  1.0000,  1.0000)>
CAMERA
Camera
<Matrix 4x4 (1.0000, 0.0000,   0.0000, 0.0000)
            (0.0000, 1.0000,  -0.0000, 0.0000)
            (0.0000, 0.0000,   1.0000, 0.0000)
            (5.0000, 5.0000, -10.0000, 1.0000)>
MESH
Sphere
<Matrix 4x4 (1.0000,  0.0000, 0.0000, 0.0000)
            (0.0000,  0.0000, 1.0000, 0.0000)
            (0.0000, -1.0000, 0.0000, 0.0000)
            (2.5000,  0.0000, 0.0000, 1.0000)>
MESH
Sphere.001
<Matrix 4x4 (1.0000,  0.0000, 0.0000, 0.0000)
            (0.0000,  0.0000, 1.0000, 0.0000)
            (0.0000, -1.0000, 0.0000, 0.0000)
            (5.0000,  0.0000, 0.0000, 1.0000)>
MESH
Sphere.002
<Matrix 4x4 (1.0000,  0.0000, 0.0000, 0.0000)
            (0.0000,  0.0000, 1.0000, 0.0000)
            (0.0000, -1.0000, 0.0000, 0.0000)
            (7.5000,  0.0000, 0.0000, 1.0000)>
MESH
Sphere.003
<Matrix 4x4 (1.0000,  0.0000, 0.0000, 0.0000)
            (0.0000,  0.0000, 1.0000, 0.0000)
            (0.0000, -1.0000, 0.0000, 0.0000)
            (0.0000,  0.0000, 0.0000, 1.0000)>
MESH
Sphere.004
<Matrix 4x4 ( 1.0000,  0.0000, 0.0000, 0.0000)
            ( 0.0000,  0.0000, 1.0000, 0.0000)
            ( 0.0000, -1.0000, 0.0000, 0.0000)
            (10.0000,  0.0000, 0.0000, 1.0000)>
MESH
Sphere.009
<Matrix 4x4 (1.0000,  0.0000, 0.0000, 0.0000)
            (0.0000,  0.0000, 1.0000, 0.0000)
            (0.0000, -1.0000, 0.0000, 0.0000)
            (2.5000,  2.5000, 0.0000, 1.0000)>
MESH
Sphere.008
<Matrix 4x4 (1.0000,  0.0000, 0.0000, 0.0000)
            (0.0000,  0.0000, 1.0000, 0.0000)
            (0.0000, -1.0000, 0.0000, 0.0000)
            (5.0000,  2.5000, 0.0000, 1.0000)>
MESH
Sphere.007
<Matrix 4x4 (1.0000,  0.0000, 0.0000, 0.0000)
            (0.0000,  0.0000, 1.0000, 0.0000)
            (0.0000, -1.0000, 0.0000, 0.0000)
            (7.5000,  2.5000, 0.0000, 1.0000)>
MESH
Sphere.006
<Matrix 4x4 (1.0000,  0.0000, 0.0000, 0.0000)
            (0.0000,  0.0000, 1.0000, 0.0000)
            (0.0000, -1.0000, 0.0000, 0.0000)
            (0.0000,  2.5000, 0.0000, 1.0000)>
MESH
Sphere.005
<Matrix 4x4 ( 1.0000,  0.0000, 0.0000, 0.0000)
            ( 0.0000,  0.0000, 1.0000, 0.0000)
            ( 0.0000, -1.0000, 0.0000, 0.0000)
            (10.0000,  2.5000, 0.0000, 1.0000)>
MESH
Sphere.019
<Matrix 4x4 (1.0000,  0.0000, 0.0000, 0.0000)
            (0.0000,  0.0000, 1.0000, 0.0000)
            (0.0000, -1.0000, 0.0000, 0.0000)
            (2.5000,  5.0000, 0.0000, 1.0000)>
MESH
Sphere.018
<Matrix 4x4 (1.0000,  0.0000, 0.0000, 0.0000)
            (0.0000,  0.0000, 1.0000, 0.0000)
            (0.0000, -1.0000, 0.0000, 0.0000)
            (5.0000,  5.0000, 0.0000, 1.0000)>
MESH
Sphere.017
<Matrix 4x4 (1.0000,  0.0000, 0.0000, 0.0000)
            (0.0000,  0.0000, 1.0000, 0.0000)
            (0.0000, -1.0000, 0.0000, 0.0000)
            (7.5000,  5.0000, 0.0000, 1.0000)>
MESH
Sphere.016
<Matrix 4x4 (1.0000,  0.0000, 0.0000, 0.0000)
            (0.0000,  0.0000, 1.0000, 0.0000)
            (0.0000, -1.0000, 0.0000, 0.0000)
            (0.0000,  5.0000, 0.0000, 1.0000)>
MESH
Sphere.015
<Matrix 4x4 ( 1.0000,  0.0000, 0.0000, 0.0000)
            ( 0.0000,  0.0000, 1.0000, 0.0000)
            ( 0.0000, -1.0000, 0.0000, 0.0000)
            (10.0000,  5.0000, 0.0000, 1.0000)>
MESH
Sphere.014
<Matrix 4x4 ( 1.0000,  0.0000, 0.0000, 0.0000)
            ( 0.0000,  0.0000, 1.0000, 0.0000)
            ( 0.0000, -1.0000, 0.0000, 0.0000)
            (10.0000,  7.5000, 0.0000, 1.0000)>
MESH
Sphere.013
<Matrix 4x4 (1.0000,  0.0000, 0.0000, 0.0000)
            (0.0000,  0.0000, 1.0000, 0.0000)
            (0.0000, -1.0000, 0.0000, 0.0000)
            (0.0000,  7.5000, 0.0000, 1.0000)>
MESH
Sphere.012
<Matrix 4x4 (1.0000,  0.0000, 0.0000, 0.0000)
            (0.0000,  0.0000, 1.0000, 0.0000)
            (0.0000, -1.0000, 0.0000, 0.0000)
            (7.5000,  7.5000, 0.0000, 1.0000)>
MESH
Sphere.011
<Matrix 4x4 (1.0000,  0.0000, 0.0000, 0.0000)
            (0.0000,  0.0000, 1.0000, 0.0000)
            (0.0000, -1.0000, 0.0000, 0.0000)
            (5.0000,  7.5000, 0.0000, 1.0000)>
MESH
Sphere.010
<Matrix 4x4 (1.0000,  0.0000, 0.0000, 0.0000)
            (0.0000,  0.0000, 1.0000, 0.0000)
            (0.0000, -1.0000, 0.0000, 0.0000)
            (2.5000,  7.5000, 0.0000, 1.0000)>
MESH
Sphere.024
<Matrix 4x4 (1.0000,  0.0000, 0.0000, 0.0000)
            (0.0000,  0.0000, 1.0000, 0.0000)
            (0.0000, -1.0000, 0.0000, 0.0000)
            (2.5000, 10.0000, 0.0000, 1.0000)>
MESH
Sphere.023
<Matrix 4x4 (1.0000,  0.0000, 0.0000, 0.0000)
            (0.0000,  0.0000, 1.0000, 0.0000)
            (0.0000, -1.0000, 0.0000, 0.0000)
            (5.0000, 10.0000, 0.0000, 1.0000)>
MESH
Sphere.022
<Matrix 4x4 (1.0000,  0.0000, 0.0000, 0.0000)
            (0.0000,  0.0000, 1.0000, 0.0000)
            (0.0000, -1.0000, 0.0000, 0.0000)
            (7.5000, 10.0000, 0.0000, 1.0000)>
MESH
Sphere.021
<Matrix 4x4 (1.0000,  0.0000, 0.0000, 0.0000)
            (0.0000,  0.0000, 1.0000, 0.0000)
            (0.0000, -1.0000, 0.0000, 0.0000)
            (0.0000, 10.0000, 0.0000, 1.0000)>
MESH
Sphere.020
<Matrix 4x4 ( 1.0000,  0.0000, 0.0000, 0.0000)
            ( 0.0000,  0.0000, 1.0000, 0.0000)
            ( 0.0000, -1.0000, 0.0000, 0.0000)
            (10.0000, 10.0000, 0.0000, 1.0000)>
